$ANSIBLE_VAULT;1.1;AES256
38666231336631383531373530346538396134373731663231336337383834376366636639623963
3030643234386132663561303939346135323635333231640a643837656636363666303639353061
63323034303438613238393439653966666330363162383632643066616635333365666262306166
6266636630333930660a623734363235616332323836383462316464323538333534376162323038
30653536303031613835613962323731663839643830343835303163643536366564333135393566
65313565656238303236646462313161383638626335396666663030666536653039663531623036
63356363336439646532303662343737323566396164313334313539653937376462626538383230
62306464346636353338333430306339323964386663396161373735663861363637333836323862
65306239646438313238393437323736653536336330636135313234353665323830633364363530
30646539306135363835626333316530363964633363366337303534386339633032376533343936
31386533316166396137646335653430393765343234653931636566616537353935633637666337
37663238303435313537353734346336303836636435663036373033336639346338373833386232
37646432646333663330626238363461636632386231666232653032643164346662613535653564
33663566613261636233303561343233653063613238343932336331306561626439653466386430
61393233333664356534653334363633646330383433396230373638343336613739353764663937
66356364353134633034653534303538323037653732303131616239373032363164356366393633
35363863303035373438323038633164373635343135643439393461383366303837633938623139
36623362396165313232356436613935663965643166623130376239643365646431303635653435
39653164356564333166663630363538393430643330643735313762653531626564313634393139
63303162653633646339323535333235653734346138336563343166663430646461653662366166
63386433663539643366386135393061306537653833663964343336626436633533303363353366
32313464653831373562386638623761393933356266333832616461366432373266643565393064
31616538323430373532373336333465313864363662353163666361613536666562626463363831
66613432623336326331646263613562313339323034396138656135316663343363303933356432
66363630633134363034343464353963613865343664613265613433343932623364666434653936
39613365343566653330316338363934633933383663346634396137323935343034303066393366
61373863363038616163383364396462356431613730656265666139356361633462313630353766
63346534306537346533316632613066396238343031373831343862326539316632383532616432
36363065333238313338646530646335656364393832613333373533356134363566643434643334
33376533373139616633363461363836373130353563303862373830626339646636616331313830
62383365643063353764326233643065346464303766313931343630666664656362313835373739
38326338643062306165346261646665373331623963333038643539313835323064393863313461
30393335353538323939316662663065643536373231616666363033353264313162303831653265
32376136633663326164313564643464653139393631623366346566666233393232636263376661
65383562646535366433393763653334363465363134386134636535396162316463386165626638
34363335623536663135333063393366383833613863636239666562623263373737376130666361
61376164646330633962316162366265396136313933313765613061346562363732333636636462
63343661656239646265633733323539366264633737376264343763383465393364313931326564
62373532313862353539663330666332666566633337303563303133326166373335376130633336
31356134313331653238663465303936323933633833373665346530626136636338303163613764
34353936656330353831643164663537623937353931643832323834336531326266353538396434
39333161363934326662663261653134326634333535336236306435333733646538353937616432
65633931646366313430353338306239366361613532313364323866323331643365663562326235
62343763623430343632303137326430633962633130613965373333613437353264663765386666
30613737353233383862613836626634363134376636333239633064303266336232636637383634
33343761626534666365636535396433373539643561386330313537303231373566633931316135
32343136613537656362353335636162333163626461653065613735306566353465306436386135
39313139396538326563636465386464376463663261383865656635656638366335376161313033
33633263653237356434326130626666316632366238313534646239323166396530666636346564
35663034323162303066373332663263613864643864663734653831336164386638643861653862
66313238336530633337613233643830336565653235343865626336626566663934363930373737
64323236383963326533363034326338613532656566613331373561643163663831613666616666
32353462346338366364343263346239393264633132323836313665623231363065366239653061
65363133333864306562653062653031323434306332306265313263643430613663373864383233
36313465396361643961623464623439313237363933346239633863313634663932313939366262
64616633363662346461643838666339666638376131306561656530383436323134353634353738
63623864623365333163333430623030303033626666316232353465343732393230383564303139
34326665366466363130386565353465646266663263333937393231636234303164313862643437
64656239343131323338653861373064363663623937613262383031383664396534373163313738
32623563363136393735653938623934666335393561343461616633633035396632643437663864
34653562386330613936303265376261643366646532336335373731353833353165353535343162
37393839623862633466393139353866323165633064313630333838346465383035633634343331
61343933666530626435363839643838363939626530313539323335343635363662363132333831
34363930353538343932373566396236376630303932626362623539663566393238646637356135
34626634623766306164643438363835376634346439646137323930346630346265643966653266
34663432396338376238643562393238343036653565643764656630616237646532633036613465
39323664303637346239376339393633613061663663303830396265653837376165613631393834
34666237396331346433623932316534363161663132313634663861653039323738636564326233
35616233383862646433313562313834336334333737363430333032343338386538346539653834
38346632363339656538306433383663346661626337383832333032666462613130303538303538
31386634633665613035303938613766393663393764343364363934333061636130636432336166
38616262366333323336663764353061376361333237623432386665313266653738323333306332
37623761643764373563393162323439363962316162646661366138363166333830343133633834
33363736653330313033633432626234656535303737363363613963633931626164353038663866
32643536613738333631656232383461356534616534373533623764643931376265343466663731
63633334306332666664353438343063366233353734396134386138336638646662353266303131
66663133643830616665646466323539303932656662306564646138336532643439336332356232
35643131313733646138306461396666336634656137333330613731303930643337366136373866
63353431666438623564356465306434316439313039646533383033326230383664613265336333
64626236393231646162303635393433383333383333393431343133616566353736616334313037
62356565633265326336623330303533633638613166356335363736653730376230363030353266
39633864653265666137316265376239323336333561376435666266316663643632326438623062
66343539303939393364646630383132626561373462376338646465316564333863353636396234
39336564383632376637636665323361393534373433393734363761626565656565313533336134
32303466326334366163636137613033623866326234623332626265623633646366306635613866
37383062353233336264303063363664623436336333666364343331373061653864636335643235
36653935333539333436353837336336313139303866346461643237643464376235616566323938
31656265326266396430
